2409
1215
7050
100
5376
859
1632
2614
7119
6148
1484
3935
4802
4100
6007
2331
1783
60
309
3708
3791
6141
758
2539
5460
3092
3570
3729
1531
6083
6708
5083
6768
25
1231
2204
2515
5997
3735
1862
3595
4453
1866
646
6167
2556
3311
4305
4272
6885
1022
1692
7358
4579
5771
5883
2332
1931
6880
1521
2306
1333
5690
915
6683
6441
966
6978
7194
118
1633
3159
5423
3831
93
139
1230
3423
6292
2120
361
7017
7168
169
7128
7076
3193
4639
5498
1986
3906
2700
5053
1519
4001
3074
6233
269
1892
2806
605
5707
2073
8
4638
2031
5268
1145
5364
3333
1937
6513
2728
7013
385
2881
839
4427
6626
5681
3921
2519
6667
2157
2884
1584
5339
4093
5471
6249
6794
5386
2017
2503
592
2450
1716
1665
2390
1098
5512
2907
5357
4789
5069
6159
2868
7186
4896
5080
4587
2163
2712
2356
4169
2954
4344
6197
24
3257
3123
6302
3178
6275
4337
1078
2461
5688
3938
3302
4260
4034
4989
745
4602
679
5839
1607
4328
2292
606
2255
709
3041
3247
4018
2669
2366
6877
2465
742
3330
3716
4825
3283
4428
2659
5969
5800
6070
639
947
5427
6649
6624
4797
666
502
3205
5971
2334
513
997
3502
5954
413
7115
2895
2352
6597
1331
1055
7053
3807
55
5099
6488
7326
1944
4599
2397
2521
7092
5996
2347
4347
4447
6166
818
2828
3997
2706
4652
3462
5695
6033
2042
5859
27
2624
1196
4832
3463
5561
3339
2794
144
6849
7287
3268
5445
4384
5502
5861
4139
4247
642
5519
665
3196
1241
1443
5959
4495
3351
2533
2168
6447
116
6726
2513
2076
1835
1339
7302
4575
3275
7064
7199
849
1957
3298
1263
89
3486
6927
7100
1695
671
4485
7271
2155
827
3207
2841
4458
2402
4314
6421
5496
3390
6606
5491
4046
4924
1043
1569
4634
1038
5001
4194
5090
6929
3272
4664
2507
711
6827
2874
2491
7299
6217
3444
4627
1334
2337
4395
3277
4679
6516
3192
5784
5869
595
5247
1066
845
4705
6494
4480
992
6662
1368
1346
1722
5224
5868
3144
4402
4824
633
7067
3344
3898
5802
2856
4109
6582
626
4398
3607
4955
1267
1845
1384
4500
6355
7388
1955
4105
6988
812
4176
6499
5326
916
1822
1362
4219
889
2909
1769
7094
6609
2172
5574
2021
5410
1113
4332
3964
7250
7185
2036
3189
6245
1448
5424
762
4471
1794
1935
2040
77
5122
1011
338
1016
5298
1288
6340
2294
3610
3133
4440
1118
1101
2358
66
2302
7
4143
47
6515
6364
435
5275
2141
3402
56
7252
4156
403
3151
1424
3763
5732
3685
5671
729
1719
2787
4764
1088
1279
3250
2067
2494
5437
6045
308
1770
5753
6501
5989
2246
3689
2691
4745
1053
2542
5403
1232
1445
203
2342
6792
3850
737
3820
3684
5352
4977
2658
5104
703
5176
1874
1042
506
6009
6084
1106
3891
6571
1002
3970
2731
205
2805
213
3185
7004
7297
5382
4946
1987
5564
4869
6087
1507
6228
4750
4512
1204
2032
3035
6183
377
3590
174
2323
5591
3703
3546
1389
2354
4125
3307
5823
3154
4476
1376
4785
6896
7059
4487
4929
7362
1152
597
718
4377
6093
38
1947
6175
3224
391
6099
6507
1394
875
6763
1922
2041
5577
5194
7391
2689
5613
2134
1621
1258
1693
1216
7223
529
869
1387
2373
1035
7307
935
80
2704
5880
2833
463
3990
7091
2487
565
4519
3987
7375
3060
6538
2732
7057
1428
304
6799
4844
4188
3057
5448
2775
2733
2066
1761
3892
5073
4274
5718
994
167
1810
3167
548
6268
7138
3687
5192
7107
7324
1441
4633
2133
1812
4606
4693
1467
6729
2343
4320
3672
2726
638
2635
4921
4301
3946
207
1551
4389
3406
5355
4736
6973
2996
3962
2240
4782
6778
6360
2947
175
596
5615
4951
960
11
3404
938
5804
6950
3500
148
1555
1473
773
5726
3199
7044
753
1881
7147
6337
2457
7227
3127
3979
3401
1242
4562
3263
6143
4353
7273
1878
5668
5736
4417
4814
4104
7258
3588
798
5850
5932
4590
5393
996
1497
5620
2156
2344
3499
318
1954
6042
4943
1089
5283
1371
3670
3833
2182
4571
7268
3886
5304
601
5590
3306
2773
5912
1214
1504
4066
5639
1353
6357
6566
2448
6046
7251
2849
931
2112
6454
5596
7188
7236
4796
334
1340
6856
1349
5550
3433
4837
7114
3237
3908
2357
1739
1699
3695
301
2216
6594
5356
4022
4027
2137
1674
3985
6019
843
163
5543
2394
3622
6482
1597
2573
1508
5962
5287
7047
4283
5530
2075
4644
4771
3732
2914
3096
6502
1702
7028
3738
4834
3923
884
1044
3460
2763
3594
4915
6468
18
4588
6920
7313
586
573
1748
3516
7065
1752
3553
4221
3312
5338
3875
6955
3036
5439
1037
5426
1454
455
439
5121
4455
3751
7217
3851
3930
5343
3013
5562
2219
1737
2830
6434
5337
5181
4375
3064
7353
6020
2121
7180
5637
6423
5567
6623
4147
491
4388
4119
2563
428
1884
4265
469
2433
2418
1666
1658
4690
6040
6436
5095
2698
6570
7330
1452
4993
3259
5846
4141
2490
719
4925
5119
7124
6128
3172
1891
5336
5187
1567
4062
5316
149
7070
7367
3519
3081
2980
4222
3600
3940
2248
7062
6194
647
1910
2580
2979
5744
1670
6872
625
2823
3711
3427
598
3026
1905
5647
2846
4304
1774
2987
499
2126
4605
7371
5254
4049
1010
2062
3662
1705
418
730
4625
5714
5039
7121
3939
1850
6905
2501
6408
4045
5777
1310
3796
3034
1388
3270
180
657
5933
3276
6261
5154
6537
2416
2386
1295
5515
337
3028
521
6559
5057
2742
3309
452
5441
7245
4130
2175
206
3479
7226
697
3534
4339
7214
6832
2559
6572
3209
7294
7228
3442
5789
3491
6828
3965
695
5796
5740
6111
129
438
280
3914
4860
4257
6780
375
1211
3168
3417
3627
1162
1380
4618
386
6479
2072
2665
2560
5365
3410
2191
3956
3211
7244
3448
6414
6161
930
1800
3030
797
1781
2382
6962
2261
1190
4863
3767
6503
4978
1701
5361
4316
4713
1462
426
5086
1259
3174
4461
4197
2235
5578
437
901
2116
764
4107
4005
2807
3682
1895
4475
3855
6944
6909
6129
290
3654
2406
5243
7237
1989
6373
6793
5919
6890
2194
575
2886
7071
2326
754
6349
2730
5815
4387
2348
5956
3955
6208
4898
3388
6135
6253
5733
2893
4431
2260
429
2790
2413
4836
1950
4681
2368
6168
4656
2079
2225
5282
3015
2498
2604
4516
92
2269
2836
4626
1123
872
7029
6336
1249
5585
2504
3788
2998
7239
7229
4528
1250
3969
1217
4540
2661
7160
2910
292
1819
3806
5821
5775
1951
1265
4209
2384
1870
1775
6786
3605
3707
6191
2057
4564
3937
3223
4547
3194
6242
734
4393
2233
3305
278
1724
2372
1097
253
1244
725
3175
3145
6716
583
6124
1283
990
3567
4850
2599
5563
5737
2220
5535
4429
3197
6965
3425
5114
3289
1222
453
2572
128
295
5662
6103
4938
2355
2944
5810
5301
6979
2464
669
4839
4493
2481
3803
1015
7286
3609
4572
1195
2626
699
5870
6757
5406
495
250
722
2621
5602
4697
1616
2791
7218
6359
2388
282
4171
7032
4994
323
2754
6476
2956
6596
5264
2015
6382
1358
4816
4631
2525
2612
5452
6077
2011
1686
4313
2037
2308
6378
6995
1063
7293
240
2793
4400
1946
6469
3710
686
1900
981
5223
2128
5484
5434
1806
6845
3350
6652
5957
3138
2666
326
3827
186
7261
3342
7098
415
978
2764
1080
3994
5888
1731
4297
1395
2668
3678
1934
5806
3319
5907
2058
6670
7379
1913
4396
5002
5112
2847
4777
6951
5811
1083
3963
4604
2544
4267
2516
1626
5241
5792
850
3126
2395
6034
2858
7262
3705
461
6593
6569
3061
784
2510
4175
260
7024
819
530
414
1073
1385
4886
6428
2139
1679
5950
4658
2232
1511
86
274
3606
1093
6015
4330
4117
6246
4511
3107
6342
4746
5031
6990
533
3533
2201
1280
1792
4343
6831
6031
1603
3830
2967
5892
4023
6632
2229
3799
1893
6650
909
1315
1455
7314
4124
692
1534
2837
3983
4397
1278
3884
6296
4280
6368
2528
4667
708
3973
5105
1631
1034
5832
68
3536
6926
368
2901
2303
1297
6047
3706
5317
2275
515
4302
1911
3231
5768
5783
3476
6405
7248
5245
4386
7342
3972
7084
1134
3457
3860
1545
2102
5233
355
3783
1268
5010
1523
4558
2616
3566
1107
3845
3383
3529
2259
4349
4714
721
3303
1754
3701
553
6777
7132
5914
2008
4307
4331
3527
6288
5164
5941
3644
2105
6822
5219
6426
5051
4795
1076
7340
454
712
961
4973
6234
4044
6461
6621
3619
4255
3555
5812
4976
4278
4922
6875
6787
3599
4709
2885
445
1433
4029
5411
5641
6372
6707
2468
6608
1617
7235
1309
2183
2049
5761
3639
1533
487
1566
6446
1082
7390
4186
1300
1351
1329
4544
6558
3042
7136
6008
1711
6504
2558
6424
1465
4180
2522
1602
6761
4415
7089
1421
6665
1140
6685
6259
3771
4649
755
4726
2427
3731
687
1363
6383
3119
1201
485
6560
1725
4541
5000
1191
6765
6671
5074
5684
7173
6866
918
5705
5137
1999
3328
370
6094
3080
3271
3278
913
4872
799
594
7181
5143
694
5528
4293
3439
1335
6557
2222
4703
5871
840
4199
5046
3409
4980
1355
6658
1040
6752
2532
409
125
5162
1324
7393
6906
5988
3426
4317
1117
399
2130
2758
6196
6680
4905
6898
1328
6611
6145
5759
4207
766
4985
7022
6344
4680
2476
7254
2199
511
5673
4075
6805
6290
6419
3225
6660
3904
6218
6385
4291
2871
3580
6415
3143
1980
4899
2420
2568
4845
2190
3292
6664
972
3290
5262
1203
6940
45
2203
2657
4161
2746
2919
5908
5330
5311
2982
5840
5067
6389
5676
4515
6589
2900
6904
912
5140
1246
6746
3229
4426
752
2277
2538
2047
5102
5007
2019
4064
989
4766
2929
3323
2606
3400
1564
4900
2483
2430
1968
299
5127
6338
6912
5837
3431
1973
1364
5225
1780
1422
2181
5518
7300
2195
953
6721
5050
6543
7093
3903
4103
4281
3649
3814
1348
294
1077
367
5696
5582
7385
164
6279
982
7193
4740
1795
2214
3583
4711
7212
7259
1514
820
1882
1374
4451
2912
6432
1791
3790
4906
5532
4276
7035
3597
2310
2761
5322
6380
143
3169
534
4068
2734
2251
1936
3336
5149
6352
6492
4901
5670
6891
2077
3986
4243
7323
660
7002
6308
3995
5134
3380
4138
4620
3545
3321
1036
4466
5413
5260
5772
5645
648
5274
5682
6280
7376
1821
4444
2625
1028
5058
933
2748
2322
2844
6314
4927
6714
2314
6533
6512
2869
6063
1281
4203
5876
270
5008
17
1661
5900
7195
5511
705
7201
3481
3360
5513
3186
5920
6362
6612
2210
5858
6655
2752
3381
6287
3673
3942
3010
1359
4632
3974
5267
2994
1678
4981
2265
1177
1160
2693
6519
4311
6505
1247
4286
1114
5987
465
3284
3992
6061
6791
731
4198
1482
7341
6526
744
6889
6013
5780
4578
4672
574
704
5909
360
2948
2577
7332
3078
937
3561
3596
2873
4037
6490
1194
2620
1054
537
1653
6003
181
2960
3070
4491
2138
7224
3190
987
5902
6053
2165
4367
5898
6215
7108
5679
22
6907
7023
4641
2376
5054
5373
4457
5456
498
4550
7394
1797
7263
7274
3202
1023
4430
3614
653
3139
211
480
4126
4840
1086
6934
3364
2312
2316
3752
6203
547
2799
3984
919
6395
2466
5273
468
7360
1390
4870
2422
63
6392
3438
2707
4404
6311
621
6444
3584
1880
378
4223
517
6732
6064
2338
1383
2283
6263
3802
2400
4289
1535
5323
500
1971
3239
1293
4423
808
2289
2360
7125
4743
7105
794
3213
2013
7170
286
3559
6568
2449
4235
5623
3883
1645
6224
3841
176
6963
3221
1361
1687
7368
279
2983
7222
1600
3055
5899
196
4479
6058
3326
7284
6293
5025
3084
6844
1575
2803
5885
707
1831
2562
3950
5938
3784
1823
2452
6733
5975
1336
35
2187
1838
2566
5398
2132
6892
6954
3066
4478
3922
801
2933
6789
7207
1192
2588
2520
5981
6595
3723
237
3179
3254
2744
4907
5270
4309
2391
3373
4582
778
1641
4803
255
2690
5168
5874
5487
1857
6324
1809
5284
1220
6285
2971
3628
4472
4589
6511
6361
5674
4373
5018
3849
5482
1640
2443
6394
1198
6329
5037
2460
1276
3355
3065
1057
655
6702
5133
3549
4383
568
6874
6908
2119
2370
3032
4919
7120
2759
1742
7231
5514
2253
1906
4392
6861
4542
1311
4488
3501
53
3392
7221
640
4442
2108
2297
1949
1760
6984
579
5544
3758
2286
1187
7198
3509
1159
4700
1990
5558
5949
2965
424
4416
6964
4083
1386
7264
3012
3794
7308
815
1923
3483
5178
473
3075
4121
4628
1613
1079
4054
4774
1366
4798
4403
3638
3552
1292
3051
5579
4871
5708
1735
2585
5715
6607
4129
739
5253
5838
5782
1953
1031
5450
52
1064
3294
6371
6181
5331
3420
2150
2935
963
7162
5369
2722
2866
6055
4596
6850
1625
1537
4067
5807
2784
6762
5182
6983
3613
558
3002
6767
3232
5748
2662
1994
1888
641
6004
5945
1964
5699
706
6377
4655
3147
526
5611
584
5442
6304
48
5494
3461
5385
3445
5934
2198
2743
6646
4268
1206
4663
6098
4251
7322
5465
667
2484
6035
554
6833
4661
896
2167
2178
975
2396
4238
6779
856
6555
4780
2699
261
7318
6321
1121
6466
1304
342
2579
7140
6723
1074
2474
479
4990
2304
3362
466
3836
6771
6679
4939
544
1825
3759
6222
1417
3902
2583
1212
2217
2966
5167
5454
6207
1322
4854
3000
4245
245
40
4295
1557
183
876
97
6199
3934
7370
34
3038
6865
5375
1271
1854
4361
6638
5924
658
6967
1115
1782
3989
5506
3274
4346
7246
467
6201
239
3447
6028
3244
4350
4481
7253
3585
4591
6051
3184
5537
5060
6085
1970
3507
4884
3056
2670
400
3913
3665
6104
1161
2227
3021
105
1690
5791
5059
7338
5198
2305
6969
2393
3142
2618
3054
2835
1982
6351
1998
4208
5349
6286
1707
4249
199
1458
768
1637
810
1520
1413
3256
4120
5702
3451
160
4617
3227
2257
622
6001
5292
3727
4321
6320
1245
5570
1757
3489
2254
1516
6903
7303
3812
6855
877
4856
4132
210
341
6895
2146
7174
4890
126
2557
2268
2502
4784
19
7242
1615
7306
3115
6755
1013
6358
3135
1266
6887
5976
1717
2218
1894
2796
7233
4670
3058
4150
5955
2824
6317
4157
4411
5023
5440
6102
3181
2943
1046
6770
3761
1006
6530
6255
6134
6549
2913
1550
5734
3604
2
3285
6310
138
2687
1056
3023
3
6459
4061
2092
2026
6221
6753
5862
4015
2628
6243
2561
2117
6737
5765
6172
4923
1505
6132
1240
4809
2978
1727
1872
1319
6113
2135
4080
6857
4158
4629
3877
3787
6407
1941
662
5581
6346
2315
5161
5035
4647
5394
4376
1474
6210
7298
416
111
1229
1747
4354
851
2762
5646
5014
5307
5801
2053
2826
7069
4878
1883
970
3005
6803
2005
7117
2902
6301
3329
4071
3437
4765
5096
6961
6756
4233
2551
4091
3094
7219
4050
5653
1210
6970
7304
5371
3203
5716
2056
6213
7179
3407
3412
6260
4489
1282
6731
6790
3676
3031
5831
6200
6900
6298
5539
2832
2565
7337
7041
2582
6458
5905
6528
835
3976
1225
2653
519
4773
3869
1532
4028
4254
5266
5735
1491
4909
4310
4140
2937
6915
3653
328
2598
3579
7398
109
3510
1975
1918
6021
6152
2463
4433
3749
6474
5457
4269
1065
508
4732
4467
2435
6864
3915
4651
5191
5474
2441
1457
4646
4883
344
2387
222
1849
3359
6437
1860
410
3873
1595
6212
1067
1136
390
681
3379
1904
1574
2415
5555
2713
2004
770
922
5215
603
5340
6529
3982
5586
1991
5402
1787
5165
917
2860
4893
5288
3859
3049
4099
5379
6564
2675
1547
2030
941
3314
6819
3482
5173
4240
3020
305
2827
3358
3304
1068
2154
5200
627
6810
1601
3774
4920
738
110
3356
1365
2295
3844
1917
5921
2045
791
3495
5689
6760
4630
716
6989
5542
6583
4853
925
6598
777
4607
494
807
837
4514
7034
5391
3187
1486
4279
2723
3366
4381
5422
5416
3777
4964
2529
4277
2512
1027
4954
7305
1254
4003
3538
6644
6122
5257
743
7158
4446
5436
6313
563
3083
3472
3655
4408
6941
3109
113
3454
2405
5942
1981
5236
5332
1562
3966
5308
3316
1132
4622
4368
1287
1743
5314
2263
1673
6684
3647
6712
1571
561
1629
3301
1608
788
4024
3681
2106
189
5029
422
2524
5138
3881
4702
5081
614
3998
2500
3230
4706
4464
5279
3907
6463
5203
5290
2440
1840
5520
5960
6163
4949
7025
749
4200
6062
43
7343
7109
1087
1538
5078
5638
5435
3391
5974
1499
3651
2924
2224
2149
1703
5486
335
351
6751
6396
2270
6120
1357
3069
952
5767
2143
2601
7319
6193
5930
5872
1041
2398
6452
4682
4501
1110
6772
3741
4264
4004
4437
4597
6247
3102
2736
549
2469
3484
3073
1592
4722
1253
1683
6750
2970
5891
3848
6390
4425
7131
2540
1788
3220
4273
5075
6814
1453
5068
6981
2084
4164
4521
141
4694
7364
2050
5227
6429
924
3430
1868
1839
3686
1327
2103
2046
3582
2230
5351
1593
6958
6262
5174
4081
4145
1434
474
6400
3793
1642
3581
2854
3809
7346
2696
6258
4363
6303
4970
5787
5458
3825
7014
150
5110
1983
3503
2231
6619
1915
91
1536
4902
5526
1169
4710
831
1842
4671
4452
5764
1680
3370
2815
6393
5828
3131
5652
5643
3931
3236
4319
4058
5632
1578
5263
2511
3709
4334
3163
3315
26
450
1084
4236
2318
1248
151
1125
173
6599
5507
4372
353
2094
4394
6945
7133
2976
1085
2941
1732
3514
235
490
7003
7161
4499
7087
910
2208
1321
825
3217
2272
7048
5575
1400
5685
5709
650
4073
188
5003
104
1873
1487
5604
4738
3166
2059
5321
7031
4108
1472
2897
2403
520
4030
2424
6150
942
2488
4891
404
6060
6190
2016
5618
2001
1120
1585
2930
1199
2282
1938
950
6497
7099
5415
7139
3377
7285
6010
6347
2284
3693
2202
943
1669
366
5948
4791
4583
6481
1919
1663
3765
6438
2719
2655
1697
3699
610
4821
1684
6532
6820
979
3249
6445
5070
7373
1966
4950
7060
2151
4
4930
1338
2674
4303
6162
1997
3632
2029
229
136
3664
2888
7007
194
3554
6066
7169
3824
120
5985
4934
4752
2989
3924
7058
5319
6109
6666
4830
5378
2425
903
1843
3121
6230
9
4904
1596
1408
1759
4822
3525
1126
5849
1869
1019
3375
20
3656
6022
4947
2307
5809
4779
782
5964
2340
6192
4450
1090
6668
822
4448
2200
1450
1529
5106
5107
6717
6403
6719
3547
6899
6852
2817
7078
7344
4810
6715
965
4545
312
5380
1330
504
2320
2786
1163
3492
3933
5865
5616
5730
7354
2622
1672
6592
5374
895
4801
6012
4730
3456
1830
507
4972
806
1750
3473
4660
1139
5347
6854
234
3087
4043
3636
5972
6265
5922
2169
3313
5
227
4232
1700
5855
1012
5658
2564
685
6356
5214
813
4717
503
5666
3228
5820
1765
829
1095
821
1399
2429
4094
4187
325
220
6704
4958
5984
6036
643
3776
6966
4193
2252
6178
2684
5116
1832
6079
3786
5327
3586
5769
1619
2594
6370
4000
5503
5431
3782
78
3480
1863
5179
425
5593
4329
3164
1635
2663
5419
3111
4691
3866
2890
5079
4033
4088
5826
7234
5833
3947
4621
1233
7126
459
2769
3900
6705
2951
3241
307
2083
5848
1270
2174
1525
310
2692
5664
5132
824
1916
350
3658
2537
3357
867
4318
4557
4063
2361
197
958
159
6706
1341
567
4166
300
6131
6297
1685
5927
6409
1471
1103
1264
4123
2672
4727
1059
5466
5147
5087
3513
1213
578
1723
1325
1243
1314
803
369
135
2266
6323
651
3325
6108
5665
2990
5044
475
5501
16
4160
3067
2788
3608
1624
357
6923
6617
1974
6713
67
3245
1876
3216
84
1524
257
3397
4716
628
5774
2325
2567
7389
2545
6687
484
5958
1643
2964
6693
7088
4996
74
5636
522
2454
3754
2918
853
535
2840
3148
3879
7365
6328
5982
2950
4986
2055
2629
6130
2010
5108
6000
616
689
4619
3843
1749
6291
443
1070
748
4202
3528
5021
2071
3659
6082
3297
6189
6579
6985
632
3691
3805
2421
611
7141
6725
1801
420
4635
4449
5064
3692
5614
6620
5158
5170
5785
969
7096
6678
1627
2408
1124
6411
4866
1470
394
5754
4006
7333
6921
4957
6225
3894
4179
5805
5404
1352
3829
7331
6250
4653
3299
6384
291
3097
343
5387
4234
3980
3117
293
2188
5973
4744
6925
589
6170
3967
1630
1855
6842
1150
4168
4401
509
4533
4214
6539
5397
2904
3198
4723
2632
2546
142
6676
6086
4507
2258
3108
514
4720
6734
6319
1817
1738
5667
2688
1668
4177
5141
2044
865
6416
122
3474
4509
157
5624
4505
5895
6602
2738
3617
2434
1468
6774
202
1604
3526
3141
1925
3411
3660
5527
5103
3007
7144
451
761
6399
6604
6153
682
1762
3668
3846
1517
4508
345
7403
959
7027
4610
3730
1406
1588
6231
7106
1069
6294
1628
311
2968
6656
1512
3578
1377
3279
2801
3152
6095
5936
974
1495
6841
1824
4112
2114
6581
7066
1503
1378
7182
103
1343
4808
717
623
7079
2795
5344
6315
6616
1360
4556
4788
1392
4747
3932
153
6509
4358
3255
4804
303
700
6682
3620
221
7011
4115
4227
1081
4148
5400
4298
6151
359
2111
5813
634
3748
1671
1302
4937
2903
1252
3089
1345
3911
5779
6742
7006
4807
3095
4465
3764
4968
2531
6369
5786
33
5048
1590
1440
5983
3530
2446
5629
2401
4879
5348
5238
6871
5464
127
1025
4820
6839
3210
6722
2262
2603
2651
2882
352
2905
1544
297
1135
4889
3821
1721
644
3050
5453
3532
3944
2351
6830
246
4567
168
4092
908
4405
2946
5760
6710
5016
2908
5504
3296
6584
1651
79
5111
5630
3077
88
2095
3837
398
316
251
1058
1796
3560
4748
5213
5066
5195
3432
2070
939
4676
2593
4362
3977
1405
4135
631
5829
3280
382
7021
2926
6374
2349
4149
4070
5485
6404
2508
3118
5280
2876
2514
2152
2462
7015
6449
2697
769
112
1807
7296
6586
374
3511
7129
1158
5720
5552
3591
7206
6074
7309
322
3372
1197
7118
2831
4189
200
6478
6588
99
1859
4874
6508
5966
7178
13
1398
462
2129
1024
1610
2206
501
4546
3698
4969
336
1773
1506
6689
613
6271
4136
6562
2949
4399
6256
5793
6694
5128
1344
2082
6785
1652
1275
1927
5628
2301
4614
5472
2716
4560
5529
3253
728
7171
3631
5906
4565
7046
1784
2365
5773
5990
430
7148
3832
6318
5038
3470
5324
785
5293
49
4239
6823
2810
2239
5461
6536
5939
2028
5310
4818
2535
5762
3521
4942
1178
1308
2816
124
2609
5030
2509
2486
1587
5573
1188
7382
6309
5221
1234
6647
4410
4800
101
2091
6076
2809
645
1207
1168
3890
5208
1444
7074
2179
5677
688
5197
31
4767
5757
4827
2750
3124
2771
2007
6500
977
886
2792
4053
4763
5692
541
587
3702
177
6325
225
1305
980
2124
5171
6322
540
1298
4643
7081
2478
7077
1483
3565
4936
1515
7123
5879
5072
4216
3539
1100
3557
5607
6935
2575
7001
3548
693
3288
3634
3770
5341
1420
7257
4778
2089
6735
1180
2636
5130
4072
956
6553
2345
4895
2291
5492
6144
1558
4594
2920
6107
4183
771
4055
5910
3515
986
1676
6467
6618
1039
4592
4419
2581
714
3801
2729
983
538
5523
6072
7317
3910
4536
2999
3816
2780
750
4336
3823
1464
6147
5303
1618
1165
2953
2818
5228
1091
6976
6116
4047
4110
7102
5995
899
29
2196
3556
2709
4882
61
5188
7103
2735
3162
3574
4259
2715
7151
1543
2311
4603
4056
3394
5634
834
5587
6239
1920
6353
6367
3714
7090
230
1029
2363
2249
5320
2820
1301
4502
96
117
6736
6550
6600
4020
759
1570
1255
6171
2107
3453
4144
2683
5510
5481
1372
2164
3899
4153
5237
3822
1423
5157
4598
2741
7383
3112
3925
4790
857
5559
1274
1184
5835
5940
6639
5925
5061
1033
7400
272
1815
3746
2959
2096
1003
5250
1786
1356
6933
407
6165
637
1992
3396
780
4142
5206
3887
7266
1142
2177
4851
2768
881
471
3870
5675
2595
5097
4704
1811
1708
2894
5169
431
3991
2647
1552
6859
5125
6629
727
2981
6548
2997
4250
6090
1644
7397
6024
3517
1577
6948
3469
4379
3834
6949
7369
3191
3354
5640
4312
5873
7288
2972
902
6801
5669
1146
5062
1469
5160
6307
3019
3134
5568
1047
2811
2455
2555
4530
7073
866
3343
2327
546
3551
4698
5261
3212
3079
3014
2821
1940
1347
940
4532
3623
5180
5722
4948
4885
1712
5627
3858
12
2650
306
2407
2922
2027
629
3876
4526
2995
5034
2098
5725
2492
264
5878
5354
7104
456
165
5991
3208
2543
3993
6412
6824
878
1908
7230
6868
5998
2038
2451
2060
6813
6149
3828
5212
5889
659
440
536
3666
1407
2374
932
3918
5372
3129
5999
4648
2952
4645
412
5091
3385
5536
5867
7042
7366
1061
1172
3248
4380
5089
2228
3674
488
5135
7165
2776
852
6675
460
4420
3697
244
6237
5248
4382
6800
3734
4931
5175
1393
6531
5004
2414
2197
4182
3009
4613
6050
5701
5857
6006
2477
3953
4786
3281
2329
2576
1943
1763
1294
2749
3485
5377
5841
2751
2547
298
158
2637
6817
2879
2458
6100
4137
1431
5522
1164
4585
3324
6410
3496
393
5190
5335
4325
6037
4212
1834
1579
5952
3235
2378
6784
3667
3155
2499
4432
5799
1753
2025
6552
256
7110
6937
7380
6343
7204
6782
3349
6931
363
6527
2034
2600
4195
3468
3156
4787
3157
7086
1962
3817
5739
6065
2369
677
1657
5798
5819
5763
6054
3724
2782
5028
6295
934
262
37
2602
4982
2280
75
3367
1478
1306
5741
3322
6443
2714
7249
3415
2664
4170
1509
6267
3188
1933
4241
285
6585
6996
2939
3680
6068
3948
6862
5572
756
1009
254
2527
7241
3954
710
5345
3762
7019
5704
2633
3345
7183
6514
2159
2800
4831
880
4051
1051
3195
7292
1397
23
5477
3896
2783
3927
4997
5937
6418
6804
486
1367
6783
4741
3742
6971
2145
5417
814
1032
5651
5085
967
602
2611
4288
4944
5438
3165
2619
5729
2865
6674
3506
5277
1790
5926
4345
1200
6740
3044
3952
5655
5184
1779
4537
3769
1485
3269
5151
654
7196
5884
733
1332
2822
2652
4559
4684
620
1646
2843
6700
281
6274
4196
1899
6688
1605
1410
3440
2020
1317
5024
858
1818
423
2432
1318
3813
4146
6498
1456
6002
7190
1439
1144
3318
2681
3893
569
2541
6873
70
6728
6744
3282
1729
6023
4230
3641
7137
2171
1804
1403
6137
1049
5033
5414
7097
4811
6916
5240
397
6622
6339
5631
904
6809
1435
276
4828
3161
582
2166
6219
3744
4159
3571
1173
2447
3449
2039
3885
2081
263
7082
2880
6781
2864
4122
7289
2686
6924
5392
7127
2906
6657
4574
6425
1682
4192
5946
5747
1548
4659
1167
2068
1104
3086
4477
888
3261
4881
1598
2974
5412
3331
2242
6634
5749
1460
4569
2785
5216
5109
4041
5742
4484
6699
1897
2917
1945
1977
6216
3242
1466
781
7316
6522
1789
2122
5824
555
15
5781
585
6591
1756
4087
6462
6204
7143
364
543
2065
5052
2550
6017
2898
713
6993
3508
3434
1176
6928
6922
5599
6821
2505
723
5012
5296
2221
3240
3863
5022
346
2892
7083
528
6106
1736
2812
6936
4340
6815
6455
5483
1228
4838
315
3497
1530
7159
5571
1001
1776
6847
1272
432
1156
6703
6764
333
2127
2883
4359
4504
3975
5432
1218
3587
2772
44
1816
7116
4823
2654
1008
3755
894
3909
4438
5509
842
2022
3683
3395
4867
3059
226
4640
6836
4315
566
3999
7113
2958
5020
5084
4510
2896
4256
6496
6628
4543
4724
2850
5443
1501
7335
4841
2597
3338
720
6214
6818
3317
7191
6759
5042
4877
1303
3085
5524
7255
6956
3739
6982
3033
2321
5295
1649
5844
5817
3246
3544
6930
2702
2238
6334
957
6365
4364
3337
4842
5480
2226
2656
4974
4127
3171
1414
5210
5015
6220
6938
7325
6635
4935
5383
4012
6056
1829
1045
7328
576
1109
946
545
1492
3563
2160
3795
6816
4799
1561
5944
6947
6567
6127
5540
2473
5860
525
4695
284
3150
1993
1446
6375
5305
999
4184
6387
3103
2293
3068
5244
3458
6232
5055
4995
674
2115
2456
162
4685
5916
609
7265
5986
1480
4725
3258
3363
6690
2695
3901
3368
95
2383
3219
4952
4868
7282
1856
6631
6952
4226
2916
223
3478
518
3772
6091
3663
832
4469
2444
7157
6011
5917
4374
6518
5834
3728
1526
4534
6177
6902
5612
7216
4237
5896
5056
3572
6156
3022
5207
2506
7279
4984
6575
1391
6118
4021
6264
591
3120
1696
3153
6174
2125
5597
5778
5328
7054
5479
6115
6442
5306
675
331
1175
380
4855
2359
277
6825
988
5131
2646
6563
5045
5425
2875
3652
7154
2838
4600
3861
2549
3637
3008
5142
7018
6140
5583
6114
2087
4962
5222
2236
4903
4753
4462
3424
2855
3389
661
590
5825
1928
618
6980
6535
3839
7189
191
3926
1871
354
1018
1153
809
2018
4201
5890
497
945
4683
4734
1451
2101
760
6698
6043
6067
1573
2725
2798
2584
2671
5977
5719
3293
2578
6748
5929
2300
5113
3043
4708
4737
1122
140
4348
2523
6142
593
330
3414
557
559
4134
1898
3625
242
3403
4637
6493
6229
6860
6097
5731
757
4069
6654
2189
2192
4687
4815
1129
1285
259
3753
5117
6897
3490
4689
1967
5545
2211
5633
134
2273
4848
90
3811
1560
5594
3897
5286
1837
1650
5489
542
3618
5126
6472
4988
7355
123
4224
2186
928
3267
283
1709
5185
1730
3775
1092
3435
2955
3700
1000
1976
5947
7197
3419
4513
3629
6957
6999
3720
4910
1223
4911
4327
449
863
7267
4861
3291
701
3960
1914
1257
2770
3346
243
7372
1237
6406
3797
50
6164
2279
82
5077
793
4098
2288
5691
846
4102
7142
3446
5887
6998
4114
2891
5405
6456
5525
948
1565
5204
2667
2993
1500
3780
905
395
2426
5011
171
4892
216
6248
3422
4776
1130
1846
1289
4775
5271
379
1620
1984
154
5854
145
1313
39
3106
2012
6188
5152
7012
5281
4229
6269
6918
4755
5660
2985
268
6633
870
1694
1542
6630
5694
7037
4847
2932
319
5123
741
6226
1813
6580
3616
7111
3996
3182
4728
6913
3214
1808
4963
1050
4731
5968
6117
228
4116
2627
1582
5259
4352
4039
247
5605
612
6487
5205
5433
166
3016
5019
7134
5790
6829
1102
6039
5300
6730
6335
6697
411
483
3260
1589
1105
447
5750
5943
4616
1442
3450
1141
702
1438
5598
6451
2942
2333
3646
5894
4561
2439
1096
1948
2436
2534
3493
6848
6388
4577
2911
5444
5881
3562
5557
6025
2957
3173
2648
4742
187
4007
1219
3494
7283
493
7401
1623
5717
663
2587
4914
1323
1546
6773
2986
1785
2298
6942
356
5231
6686
2142
3266
6305
7357
7240
3657
7176
4190
5049
6431
6205
6157
3518
6379
4525
6027
6448
4422
5129
4366
6858
3712
1844
6155
564
556
317
6088
3498
2339
6653
3543
4076
2144
1734
5094
6846
5153
1436
296
6453
5554
691
4551
6673
1202
2727
1886
102
6182
5580
6797
4553
3740
2069
401
4266
332
3113
2940
4111
1710
417
7232
3071
3558
5226
4668
4026
3048
1726
2977
1952
6826
1979
991
4456
4185
1903
1852
4473
6123
7172
3408
6078
1720
3011
3810
3098
855
224
6663
1718
5399
1677
772
3642
7045
670
6485
7345
1528
5758
5499
2975
2569
2482
5115
3365
5816
2526
6741
3099
6943
1667
2445
7203
1996
457
4163
3601
1166
4721
1427
5603
5299
3798
3218
2419
4323
3835
5656
2755
6578
6133
7211
6917
6835
4520
4263
3949
271
4932
3842
4225
1429
5961
6450
4865
6997
381
5265
4133
2640
4888
4474
184
890
4014
5980
4454
5795
5727
2287
4960
736
2088
5500
1745
2921
3332
860
5150
2003
5139
7363
1112
6808
1901
2104
6283
1005
5202
5560
3589
3176
6834
289
6520
4486
2399
5915
1060
2470
4624
76
4418
1563
920
2185
1370
1108
6484
5649
3958
4262
5446
6119
4768
5746
3037
1714
5566
4535
3027
1209
192
3088
4568
4357
6251
6798
4434
5745
973
2063
5475
2411
3713
898
1959
3122
2756
4612
4593
3160
3265
6397
6758
1926
3170
5235
3082
5370
976
170
2033
1827
5006
787
1116
1681
1316
3888
5291
2517
4369
3550
1924
4468
3882
783
7378
3310
804
4174
6121
7145
2480
6919
4608
1798
971
608
182
964
7039
5538
2497
3725
7072
7374
2285
951
3347
1614
680
3353
581
2867
5565
5395
6136
2080
3090
5255
1527
817
2961
5853
7269
7063
3643
2745
7163
2682
4287
64
6851
219
7030
3640
3243
2677
2740
2244
4017
2176
5358
4555
28
4011
2934
6525
1449
649
6884
1014
1713
2630
3856
6332
2205
7225
6625
6960
4211
3522
5363
6641
6739
6642
7278
2969
984
1007
570
94
6289
87
1581
4299
6554
4769
2766
130
2475
3912
4554
1777
5360
3136
2136
3273
6615
2863
313
1157
2705
1251
302
5430
1715
1238
4835
3233
2090
233
5220
619
6953
5032
3593
1426
71
6398
1337
2617
441
7395
1174
1412
481
376
7085
1833
5534
6089
6939
3114
4178
2591
1867
1290
4351
3968
6769
882
107
1171
1256
5803
4042
892
5992
1401
6041
3369
3421
5845
3826
3471
5797
5065
7329
4470
3852
4675
6691
2710
1189
2753
891
5043
5493
2737
58
1907
1490
2834
1312
3704
6273
3988
7043
6718
5600
6417
6489
747
6838
6185
5145
30
7321
765
5738
635
6946
42
4595
2613
5166
3125
6014
6284
5449
6154
3180
6440
4326
2878
6299
1706
2781
5549
4013
805
1636
2862
6495
2536
2148
1554
5621
4864
2936
4290
1273
512
4038
4424
4759
6888
3661
2777
2485
5951
1299
1071
6709
4151
7010
3715
5882
7052
1286
1638
2767
6427
1675
4172
1416
3920
3718
4959
6811
3137
7359
4082
5592
4857
4090
811
4843
5297
7327
5931
3648
1239
1227
5904
3234
1921
1261
2711
201
7290
1296
790
6112
6016
4258
4498
2984
4155
6788
5654
5396
1553
7351
1559
883
3378
4077
5350
1481
3857
5642
1447
3251
4677
763
4322
3072
1260
108
5455
3928
1802
4584
4040
550
2140
1320
5120
3340
5672
2574
3399
6179
2048
2330
1958
1885
482
4131
3568
6796
5017
7020
3862
7184
83
1654
4413
2644
2962
2660
41
3612
6766
6125
774
119
572
448
5827
5842
2760
2571
236
4615
4210
3760
2899
5098
4941
3062
4794
1072
7187
1004
5683
524
5505
6236
2678
2317
6029
3745
215
5875
3004
2043
789
1572
1902
5495
1369
3690
6211
3717
998
1147
2023
911
4576
4378
6574
4699
1493
489
238
2877
3455
6551
3335
5093
4079
2009
3024
1847
3215
4940
6573
6044
936
5155
3376
1075
2086
1741
6883
2109
249
6643
3523
3531
732
6241
1606
3951
7386
3542
5013
7026
172
2006
3201
1879
6386
4754
868
5556
6080
7238
6972
1647
6326
5027
2245
3183
3540
6146
3747
3487
1181
7205
1284
929
1522
6059
5313
4833
6672
4360
472
2808
1594
4657
5743
3405
2431
147
5196
3650
3052
2829
3854
6547
5843
5201
2634
6350
5211
3132
4096
5723
2212
3941
4918
4817
4908
2467
4760
2842
2694
248
4733
2963
3808
833
3688
1342
4650
434
3936
1513
2385
476
2615
4961
3785
5468
6277
3371
5278
5547
6176
5953
6026
2110
604
6238
4253
4019
4218
5551
0
2319
6869
3334
3726
4756
1599
7049
6049
2804
3722
4873
4928
4573
3443
4781
5325
2701
715
4308
5911
470
779
5710
5606
5101
57
4859
2472
2097
1489
5367
5903
1965
4443
5163
6071
5451
6879
4975
5877
816
6812
1224
6030
4441
2335
3919
5706
2417
2299
1518
5368
879
5329
5928
3669
2100
5788
4390
4688
4445
1148
4673
6266
3874
735
1052
2000
3398
1853
6435
2392
5508
6992
4463
36
2274
6695
5390
2631
6032
6577
4412
3878
1648
1768
4060
1502
636
7247
2341
5172
383
2264
1583
5517
5186
275
5389
1432
696
7270
3573
195
6198
5100
2857
6561
4095
6720
2014
6491
6840
1978
3576
1688
185
4010
4858
7122
4191
3592
444
3158
4228
1021
2276
2928
5076
218
389
4167
2739
4275
4987
3286
6278
2479
676
3865
2641
6227
1820
4527
4806
4421
321
1062
7387
146
1972
6881
668
2495
190
6870
4506
3679
4665
800
3091
607
358
5994
339
6477
7220
5541
3838
5005
2802
6610
6747
241
927
2367
2676
3959
926
6105
7396
5533
3736
1418
2438
4206
5856
2459
1995
3018
1659
6932
7334
5967
2161
21
862
6776
724
5619
2074
1969
4758
2774
6254
6627
1291
6914
652
6005
137
5814
5092
5362
527
340
4036
3766
2380
775
4048
2061
5359
4524
3624
3093
7312
3611
1017
3387
4813
4385
4460
3128
2362
4284
4549
1463
4812
3537
5447
3621
2442
907
458
3206
2377
740
6257
5294
4482
5124
4016
2353
287
836
5698
6521
5700
3226
2778
2586
6069
2724
4580
5209
4242
3524
1662
6363
985
2346
4819
2035
923
2708
372
6977
4152
7008
3889
3847
7301
2496
4642
5830
7384
1764
1151
3779
6986
1803
5770
2570
3017
7348
1875
7200
1887
5251
1419
4965
464
4294
6475
6195
4894
2870
6430
4341
4998
204
396
5318
54
1930
2085
5808
6110
664
4165
3386
944
3441
5009
252
2608
6901
1609
4715
1026
7038
3436
6312
3467
3971
1235
496
823
5473
3046
2002
624
6745
1269
5686
2052
1430
2859
2673
617
4248
3100
209
5886
1099
1262
5724
6
5752
3327
3853
6601
4611
231
4793
5342
2412
7164
7361
1576
7210
6795
3645
4391
4181
4086
2988
5963
10
656
2093
3671
3635
6724
1744
2313
698
6587
7166
6306
3105
1586
5712
327
6749
2553
2381
5589
5913
1912
2839
1805
726
3564
5146
1415
4609
6991
2404
2973
751
6775
7135
2153
1778
562
3945
7291
2779
98
560
874
4204
7310
6483
6534
4917
1354
828
217
776
1154
6341
7080
214
7175
3895
5421
1939
3295
6802
571
5680
4966
2247
373
6209
4217
3819
7260
897
2848
4570
864
6038
273
6727
4338
678
5901
392
7381
5036
2054
4282
4770
5601
6376
1767
4729
1179
5420
7213
6052
4933
1549
4897
949
5026
3719
4439
5148
4783
5470
2350
3252
384
914
1236
1488
3382
844
3110
1772
4215
1932
1758
4101
1185
6565
3602
7352
5661
6333
4523
3535
5595
1961
6882
5663
121
5657
6524
3475
408
3413
3733
5713
7150
6544
4371
3696
3238
4719
6911
179
4669
523
5312
3721
6637
6092
4009
2364
3003
5546
7036
5193
861
4623
7153
4880
7276
4852
6158
329
7272
2814
3872
5217
4718
7402
5697
478
2927
6018
405
3053
4979
1826
4057
7112
2256
5136
802
1793
5462
3130
4712
6651
5818
3466
433
854
4846
5388
4503
7280
1128
2887
7315
6316
795
6464
6073
4306
132
4967
5315
5478
5923
954
324
7392
348
6330
2685
5490
32
2173
4285
1382
6878
6470
5626
6743
4876
5687
3429
3348
1540
600
5979
6669
505
1183
2853
6576
6391
921
106
4991
2336
2324
3477
5488
5659
1409
5218
3025
198
5548
14
2493
1942
4244
1988
4518
2872
1133
2131
4270
2278
1350
1660
1404
6270
6331
7349
5755
3006
2639
4436
6235
3029
2747
1963
427
962
5970
2645
5721
4538
3868
3541
3464
5852
212
6465
2703
1836
5521
2548
7156
1193
3815
4563
2237
532
683
5935
3743
5644
2389
6186
7005
599
4636
1985
1131
1375
6837
4333
3512
5346
1402
2423
7320
4529
4025
6282
7016
2607
3792
1510
1020
115
1655
2610
1755
3361
1851
1865
552
3603
3840
3961
6692
4407
5156
893
5041
406
1111
1
1771
362
3039
2554
5269
2642
6173
7146
2170
4300
208
3416
1864
7295
3804
5229
4517
7350
6806
59
826
7277
4492
6556
7399
1048
2180
796
3756
1205
4496
1326
5650
2757
1568
5407
4335
6863
2552
887
2789
7075
5463
3577
5569
3063
4231
1479
6506
6517
5249
6614
4772
5199
3047
4008
4912
6959
2938
3768
4494
5040
4085
4581
1556
6252
4887
1094
314
1182
2925
6422
6910
3222
4757
5177
767
6048
6101
1539
5232
5047
5822
3104
615
5429
6057
6348
3626
2453
3116
1208
3789
1639
6738
4739
7208
1591
3204
3001
4173
6081
955
1890
6075
4002
3428
2718
6345
3200
4992
2290
6354
5617
2915
5625
5476
2720
3978
3575
6648
4999
968
265
2590
5847
402
5864
673
388
551
5553
1814
85
1381
5866
4031
4531
580
2241
3146
267
2309
3800
4296
6510
7404
3778
2375
5088
6677
5794
2024
1799
5467
7202
5334
5285
232
1437
5610
5751
7101
3459
4692
6975
6300
347
4213
5353
4792
690
5776
792
2797
6139
6401
1861
6433
6613
1459
5159
1127
3101
5183
266
871
5693
900
4459
3750
7281
7130
5366
1634
848
2250
6420
1656
4761
7336
2589
4666
6696
5234
7377
1396
6645
1766
6659
1170
6590
6169
830
2267
5309
5408
4862
3488
539
2123
387
6876
2184
5409
6987
6381
6460
4059
419
3864
2623
4084
3957
7243
3341
5588
1877
1612
2605
5230
4490
6545
1138
7061
4674
1740
1664
2162
3300
5063
3505
1889
6366
2147
5836
6202
6974
6206
4246
995
3677
46
477
5381
1149
3905
3393
7311
3917
1929
2051
5071
4696
1155
4261
6640
4805
2379
5531
6540
6439
1425
5418
5728
3140
2680
6541
838
786
5622
6138
1896
5648
5333
1137
4414
3633
2207
4735
2845
4686
5246
3757
5756
6276
2410
4566
4913
4678
4078
7177
672
3818
5289
62
1226
4497
4926
4956
5401
4271
5703
5189
131
3320
6281
2530
161
5239
6473
2643
5256
349
2991
4355
2064
3781
7033
5635
2471
3149
7215
6661
6486
51
1476
4370
5469
7167
2118
2861
5851
1498
5897
2489
5584
5258
1960
6603
3076
2371
1848
5711
4654
1541
1858
2596
3040
65
6160
5893
2852
4052
1221
3418
7040
2518
6126
4406
4953
1186
1622
4292
4435
885
6542
4035
5459
4220
7356
4356
114
73
2638
4409
993
1411
516
4154
4829
4749
2209
6240
7155
258
1611
4707
7095
6754
1841
4324
4849
6223
4089
2931
6457
6402
193
2099
577
1746
4539
152
2113
6546
4483
6893
6413
155
4365
4118
5302
3630
2158
6327
1475
6184
5608
1704
588
1307
365
1909
1691
3045
7192
5272
2078
1496
3569
2592
906
2437
156
2721
4826
4252
2281
2215
2813
5082
4552
4945
1477
684
6096
3598
2819
6807
2234
3867
1728
4205
7055
6244
2328
1373
1030
320
7068
1733
1379
3352
5252
4875
5678
7152
3929
3916
2223
1494
2271
492
7000
2851
2428
436
81
5516
4074
4983
4971
3308
3177
4106
1461
2992
7209
6894
442
5118
847
1956
446
5428
2296
1751
3694
6636
6180
1698
873
2717
6480
2765
7009
5766
5242
5276
69
630
4701
4113
288
4097
5918
3374
6523
2923
1143
1828
7051
2679
2945
746
531
841
2825
3452
4128
4342
5993
3615
2213
4548
3264
5576
6886
3465
2193
6681
5144
6471
4032
3981
421
7347
178
5978
6701
3880
4916
6867
7149
510
2649
6968
3675
6994
1119
3773
3262
1277
3943
7275
4662
4522
1580
5384
4162
2889
3504
4751
4601
5965
6272
371
4762
5609
3384
4065
72
6187
3737
5863
5497
7339
2243
7056
6711
1689
3871
6843
3287
133
3520
6605
7256
6853
4586
