1710
1243
933
2132
1393
636
378
498
888
84
364
879
704
506
159
1012
844
1636
782
1842
560
1354
107
461
1892
1876
2362
752
509
961
2097
5
1506
13
483
1748
715
1044
1373
1482
2285
1576
1537
1019
1024
1548
1056
1994
1793
175
43
671
1882
1830
2320
1371
621
1269
1750
2275
922
1072
396
1339
2355
1574
2345
432
1818
1470
2150
1573
1258
118
275
1728
988
2157
59
128
2256
885
1173
2114
1273
899
599
1779
792
1901
1518
1991
348
2005
1706
945
1867
1158
1103
2055
1034
2152
1005
2112
1135
824
2250
1507
1944
1754
1490
246
1755
822
1837
630
1704
975
2047
641
1369
101
982
697
488
1525
1756
143
532
912
628
210
1337
1822
1319
1015
67
1071
1095
1713
2111
2088
1678
2303
245
871
1293
2209
1511
414
2154
2233
644
917
347
785
2010
1248
1211
2295
2081
680
1814
1474
2213
162
1363
486
1545
1208
775
1410
423
2000
1365
1505
1089
1672
1538
1679
578
1139
1886
2245
1939
1616
1146
1997
645
96
61
1644
1195
280
693
274
1575
924
2252
264
2044
2115
1203
921
48
242
130
1445
1524
1621
407
1763
2216
722
2098
909
2241
1065
751
1098
2002
1277
1140
1595
1326
2193
1358
2003
2229
1962
707
985
709
36
2278
954
1730
1053
2086
1388
1503
1745
195
840
1739
1819
113
1689
1831
1329
1911
802
2210
1147
464
35
632
1908
1847
1242
836
758
2242
2298
2223
1
481
1656
2179
99
1183
2304
808
1909
281
2232
856
436
2286
622
1419
2266
2234
2099
1317
1767
1722
614
538
2342
2113
801
2165
1769
2124
1671
287
537
2277
1582
140
1675
487
1613
1221
1144
2251
540
1399
1385
2182
211
10
1377
700
1107
687
1984
1958
1067
2100
711
1897
2058
199
855
1797
997
1058
109
260
408
873
15
668
283
548
282
1890
2187
278
233
1568
1956
1591
516
2189
88
4
1394
1937
223
351
1604
144
968
1593
148
1185
2130
1124
1841
1122
2290
1291
72
797
827
263
626
929
81
2199
2074
980
1959
462
2127
1302
2279
1099
2001
1941
2300
2268
2069
469
2078
296
2243
759
2033
1632
1895
312
49
484
809
1987
1845
2175
421
2144
2311
1708
196
1061
1157
1384
6
1840
1057
2356
47
553
1924
116
2276
1052
1455
252
230
694
375
573
2190
2244
633
525
2338
2046
401
1685
225
913
1117
1129
123
373
1241
737
2006
66
796
1683
37
1049
1286
2264
28
858
1138
1915
352
1163
328
145
679
1783
298
395
669
1225
2013
517
923
1328
1287
890
1605
1663
1608
465
629
192
2142
1352
1884
1152
1441
1903
674
1680
906
965
478
799
1192
1729
2011
112
1598
1411
710
2029
1891
1741
2281
325
847
1267
1698
714
1381
188
886
2219
1744
1531
1735
456
574
753
156
2101
2350
1031
676
1770
618
619
2133
2040
643
1622
1907
623
467
2009
2110
887
457
2161
2134
294
1461
1889
2273
1609
612
1532
2296
215
1829
1971
87
1292
854
1692
1658
864
1333
458
1869
1111
514
442
26
224
845
1825
22
344
1281
2059
778
429
468
1515
2051
1627
420
1499
1055
476
56
2211
2075
1006
562
1348
1996
1586
1599
735
106
2333
1743
1641
2070
2176
1313
2323
944
1484
136
2237
584
2196
2068
1160
1109
762
329
1660
2173
937
2158
558
989
82
450
1025
1979
2358
1866
837
1376
859
1592
2016
1682
340
1230
1239
1590
276
2267
443
2208
1766
602
842
1463
1216
1733
640
405
1198
1834
115
427
411
1106
2085
761
1349
601
2091
585
2093
1150
0
1900
2106
11
1113
904
2299
182
740
2255
1992
1303
50
318
510
127
2076
1993
2050
53
1551
2324
463
1949
1983
265
974
741
1033
391
2131
1162
2321
1752
51
367
1014
1695
2026
1028
410
513
424
1127
960
190
491
1940
361
2215
981
1018
1557
1175
911
524
14
1540
648
955
2184
1714
878
1176
388
729
2116
1802
1619
925
1343
133
1259
353
2163
2096
307
2129
1351
2293
817
1434
308
1336
269
371
131
1807
1776
1731
920
1210
996
2140
1472
568
1520
1542
1170
1742
2337
832
690
718
1948
1197
1570
1457
203
2231
1395
446
1430
972
1105
385
1001
415
1051
25
342
1477
866
2108
545
69
1340
1478
45
1556
902
2282
2329
2188
1166
1002
2314
266
459
1016
40
1530
983
732
435
152
1803
1848
2312
1870
226
1255
1380
108
1027
277
2122
1295
1813
473
1050
23
1080
1274
1450
1078
1852
1879
235
1583
202
1042
1334
1141
2148
1986
1297
2239
1975
551
830
518
2146
1494
2104
1488
2045
186
941
248
843
1529
270
171
400
1093
705
1659
702
1649
905
793
713
883
201
552
2039
1442
1565
1978
166
254
731
1563
1187
129
1603
2053
984
589
163
1567
1501
576
852
2206
404
2143
2359
1037
2341
1220
2347
445
938
187
1476
971
655
170
2343
41
1331
1925
1947
1854
550
1904
1795
336
951
646
930
1801
953
1638
1294
978
1307
557
29
663
1640
1699
1338
1827
1673
1249
2174
536
2065
1136
1988
179
1720
1512
772
1401
1764
466
217
172
239
556
1446
2019
253
1792
1600
2263
1547
1275
571
1288
500
1315
1669
829
959
670
2325
1222
1126
604
91
675
950
800
1079
214
651
1483
2192
350
1647
1922
333
1202
2089
1952
354
773
409
927
597
1432
1517
639
1552
1716
327
19
439
1323
1853
1738
1967
1268
1030
2205
1856
2235
1165
2128
1164
547
1265
1266
891
1316
335
2145
504
2270
1558
1427
1270
480
73
881
1824
290
220
250
724
1357
426
384
320
1681
249
701
1406
1555
1772
355
2271
665
218
387
1718
869
736
1226
368
617
1465
1817
919
652
2327
89
1097
1353
499
236
1421
892
1062
403
2038
1587
402
647
1982
1458
184
1039
833
2203
1786
2159
1368
2214
543
1332
987
291
268
2166
995
942
30
1965
1081
593
1232
1751
237
1972
349
1469
795
451
1356
1932
1887
534
181
1836
3
1935
2310
1700
2313
725
1544
2020
1391
17
1606
1217
164
1693
1865
475
1091
563
122
2240
1283
1346
229
1749
155
2064
2357
1804
1717
413
1946
1035
183
588
1433
521
908
857
42
1102
2083
322
803
2120
1707
1657
770
1535
174
1159
416
1312
1787
1046
2162
489
2015
1104
1857
1375
1550
935
874
907
1409
1068
27
1928
1642
390
1009
334
8
1428
2202
68
992
743
2288
727
624
684
74
1661
1115
286
1468
1811
783
966
1913
1523
1466
1760
798
608
16
936
341
519
2057
1571
786
1850
2109
2225
1860
255
579
1475
898
1489
258
1272
760
2043
2056
1569
1224
221
791
1584
412
910
1800
444
323
1688
1048
2291
789
1134
1553
1648
345
2186
1809
1278
1906
1858
698
493
1485
503
1322
1154
2123
75
1400
1851
2335
2360
739
1623
406
1200
2049
1951
77
1021
343
838
482
1562
2031
105
151
931
703
812
2305
1179
160
1927
1007
779
441
1964
2022
1863
2061
474
2077
1929
2082
1703
1045
1509
805
1835
502
2238
820
60
1896
882
862
1500
1737
1970
386
1936
1429
2309
1086
1668
896
784
2226
1389
1054
477
1960
1697
631
998
231
1759
1618
1155
209
1833
383
816
872
889
1167
315
1190
952
903
893
1023
860
397
720
561
1664
2262
1082
1347
1694
1471
530
472
2331
1131
1013
1796
1194
1721
1214
1100
1240
813
1479
1451
2306
189
54
1416
1785
1305
2191
586
1589
2095
64
1596
1047
227
1549
1985
453
603
448
1645
1773
1059
1784
1422
2220
418
2287
1615
2149
657
1953
100
539
1364
764
1038
831
582
1534
1413
794
1231
1321
1218
849
1578
2332
1096
1794
1594
756
2034
1684
157
154
1301
497
2330
1403
374
1753
212
1448
1546
1715
1820
125
1444
470
823
1758
1652
2294
1237
1219
460
1942
437
508
991
1142
2221
1402
591
146
1191
2032
440
1943
430
750
1112
1690
141
2316
767
1121
575
2048
2024
1868
1846
1526
1309
1898
216
1539
1635
1912
1966
1229
1212
742
1133
339
2054
1188
485
381
2017
79
2307
93
185
2156
1919
434
1633
1696
1397
273
279
1043
1920
2014
261
1372
178
815
661
1955
2319
1074
1705
431
1816
1345
1654
2195
897
2317
2139
1260
1088
1566
637
1379
979
1662
1761
2201
1204
627
1116
284
1665
839
21
554
1974
660
1691
2079
1572
2283
528
728
2138
1431
1874
1832
321
1174
549
1148
204
1310
222
719
1926
1137
716
841
337
1862
1481
1844
1487
846
1374
848
1667
1189
1843
526
2052
656
2318
1522
1253
1702
168
2177
2248
2027
167
2066
1263
850
1298
1740
1611
1408
1577
2087
1040
1066
774
522
1076
1981
738
366
2042
479
577
2135
2183
1209
986
1581
169
104
2246
18
763
205
2297
1285
572
863
12
2094
438
853
1726
272
1010
1279
332
1781
177
877
2036
2028
2207
611
103
667
1630
119
1161
376
1513
811
359
1559
2160
2274
2289
208
419
102
360
609
2284
1196
1788
926
678
1306
2004
1732
1017
244
356
2249
2185
241
780
240
377
1228
870
1629
726
1502
297
1973
1036
1264
303
2227
2178
754
1083
326
1762
994
1736
712
314
765
620
686
2171
124
2322
1125
1026
1492
1341
1453
2200
1516
1497
316
749
598
1438
1153
1821
535
515
305
787
1118
2105
1223
1022
734
1077
2217
447
2141
1746
207
449
606
1719
544
257
34
380
1342
1284
20
1244
1806
2197
1624
494
1670
372
1775
153
2090
1799
1877
1171
1875
970
1709
559
1930
969
1180
1957
126
2349
198
600
158
428
1004
1954
928
1639
1060
834
2352
194
1723
2280
1969
2018
1990
1149
132
1245
370
1032
1777
659
1235
1143
708
915
596
2328
1504
2353
2
1064
234
1828
2172
580
285
566
1560
262
1182
2153
150
455
884
1872
1519
301
567
1318
2228
1617
1420
634
1921
1335
9
1905
2136
781
1933
1063
310
2180
1350
78
947
1262
1304
1459
696
958
1359
1782
1701
1963
2167
1344
1514
542
1631
238
1454
1114
232
766
691
1808
1893
1527
1980
2092
114
605
1902
1625
76
682
1424
1296
1447
1003
1008
398
1790
1324
134
1392
149
2060
1236
98
452
2301
363
768
454
1823
1498
1123
471
776
1041
1653
1510
2041
1119
1961
1172
2181
1378
747
1085
1387
1968
1885
1643
788
541
1261
219
616
1724
1355
1456
939
2261
1711
1250
1543
1765
1826
2361
1838
1923
790
1436
1145
1881
247
748
595
810
2336
97
86
1271
85
1256
1883
1579
1462
213
1362
1878
139
1398
1774
2340
1156
688
382
940
1132
70
1246
948
1207
512
914
58
1712
1995
1791
695
1383
1747
819
295
943
1880
200
1000
717
918
505
1628
2302
110
723
1423
256
1650
1181
2308
379
2265
1184
2269
685
520
821
2339
2351
1215
1168
1213
271
745
2344
32
137
1486
369
2102
1607
1177
1734
594
681
1090
2218
1931
1580
1480
654
1252
176
967
653
1536
1417
1637
2164
804
2151
1199
769
1859
65
120
2346
590
1075
1234
564
730
1864
1178
495
581
1588
1620
1938
1193
2348
7
1151
2315
1771
490
1425
338
963
1460
607
2121
304
1976
1612
1849
180
638
309
880
973
2117
511
757
161
1871
1360
1861
1361
2257
299
1437
835
569
1998
1087
993
642
828
1020
1528
1655
1564
1495
949
1069
999
2137
1614
1290
1727
1449
2236
529
1415
1404
1899
1601
293
2080
876
62
1910
635
288
311
121
1308
964
300
1186
592
1367
57
825
777
417
292
2063
2230
1950
1839
33
71
1108
1934
2126
1382
692
1011
1585
861
1610
977
1674
1496
2103
1169
895
501
346
2147
1110
851
393
2125
1626
2204
63
1677
1101
1945
807
2292
191
689
818
868
1282
259
52
1634
1299
1805
2254
1757
2259
324
826
610
2169
2072
2354
706
95
330
1687
2062
2007
771
916
900
1597
1439
699
867
173
117
1440
1789
1918
565
228
957
1320
92
664
2272
1646
165
2363
1366
1873
389
142
1426
1330
31
1386
615
1405
1916
55
1999
267
901
1227
425
111
306
613
946
357
302
1130
625
1084
206
746
583
865
1888
733
956
2030
46
1780
1311
1491
2212
492
394
2326
80
1094
1073
934
1894
2334
806
1917
1414
496
1521
673
1443
147
683
507
1325
2071
90
138
1452
1418
83
2012
289
2260
1289
38
570
894
533
932
1651
1815
1464
976
2224
2118
39
1812
1300
1257
2021
1676
317
1855
2025
1977
1327
1029
658
1467
313
587
1092
1602
1247
1768
990
2035
319
1473
2222
875
721
2247
1370
546
650
672
1201
2037
1533
197
1554
1070
1493
744
555
2119
1396
1251
422
251
962
1810
1778
1561
531
649
1390
755
362
365
1412
1128
399
1205
193
44
1989
2194
433
1666
1435
1280
2258
2023
1407
1276
2073
2170
1120
1914
1725
2168
94
2155
2107
1686
2067
523
2198
662
358
1508
677
243
135
1541
1798
666
1314
24
527
1254
1238
2253
392
2008
1206
1233
2084
814
331
